0 1 -> 2
0 2 -> 7
1 0 -> 2
1 2 -> 4
2 0 -> 7
2 1 -> 4
e1,2 e1,3 e2,3 e3,2 x2,3 z1,0 z2,0 z3,0 

********* F_{I,1} *********
   0    0    0    0    0    0    0    0 
   0    0    0    0    0    0    0    0 
   0    0    0    0    0    0    0    0 
   0    0    0    0    0    0    0    0 
   0    0    0    0    0    0    0    0 
   0    0    0    0    0    0    0    0 
   0    0    0    0    0    0    0    0 
   0    0    0    0    0    0    0    0 

********* F_{I,2} *********
   0    0    0    0    0    0    0    0 
   0    0    0    0    0    0    0    0 
   0    0    1    0   -1    0    0    0 
   0    0    0    0    1    0    0    0 
   0    0    0    0    0    0    0    0 
   0    0    0    0    0    0    0    0 
   0    0    0    0    0    0    0    0 
   0    0    0    0    0    0    0    0 

********* F_{I,3} *********
  -1    0    0    1    0    0    0    0 
   0   -1    1    0    0    0    0    0 
   0    1    0    0   -1    0    0    0 
   1    0    0   -1    1    0    0    0 
   0    0    0    0    0    0    0    0 
   0    0    0    0    0    0    0    0 
   0    0    0    0    0    0    0    0 
   0    0    0    0    0    0    0    0 

********* F_{I,4} *********
   1    1    1    2    0   -1   -1    0 
   1    1    2    1    0   -1    0   -1 
   1    2    2    2   -1    0   -1   -1 
   2    1    2    1    1    0   -1   -1 
   0    0    0    0    0    0    0    0 
  -1   -1    0    0    0    1    0    0 
  -1    0   -1   -1    0    0    1    0 
   0   -1   -1   -1    0    0    0    1 

********* P_I *********
  15   15   15   30    0  -15  -15    0 
  15   15   30   15    0  -15    0  -15 
  15   30   30   30  -15    0  -15  -15 
  30   15   30   15   15    0  -15  -15 
   0    0    0    0    0    0    0    0 
 -15  -15    0    0    0   15    0    0 
 -15    0  -15  -15    0    0   15    0 
   0  -15  -15  -15    0    0    0   15 

********* O_I *********
  17   15   15   30    0  -15  -15    0 
  15   22   30   15    0  -15    0  -15 
  15   30   34   30  -15    0  -15  -15 
  30   15   30   19   15    0  -15  -15 
   0    0    0    0    0    0    0    0 
 -15  -15    0    0    0   15    0    0 
 -15    0  -15  -15    0    0   15    0 
   0  -15  -15  -15    0    0    0   15 

  17   15   15   30    0  -15  -15    0 
  15   22   30   15    0  -15    0  -15 
  15   30   34   30  -15    0  -15  -15 
  30   15   30   19   15    0  -15  -15 
   0    0    0    0    0    0    0    0 
 -15  -15    0    0    0   15    0    0 
 -15    0  -15  -15    0    0   15    0 
   0  -15  -15  -15    0    0    0   15 
