10
   1    0    0    0    0    0    0    0    0  205 
   0 -201    0  205    0  205  205    0    0    0 
   0    0 -161    0    0    0    0    0  205    0 
   0  205    0 -162    0  205  205    0    0    0 
   0    0    0    0   44    0    0  205    0    0 
   0  205    0  205    0 -154  205    0    0    0 
 -41  205    0  205    0  205 -159    0    0    0 
   0  -41    0    0    0    0    0   43    0    0 
   0  -41  205    0    0    0    0    0 -154    0 
   0  -41    0    0    0    0    0    0    0   46
